1 540
9
8 540
7 540
7 540
9
4 540 861
9
1 50
7 861
2 540
9
6 540
3 50 248
4 861 949
9
4 949 754
8 861
8 949
4 50 273
4 949 431
2 273
8 949
8 431
7 50
6 273
9
7 949
8 431
6 949
5 50 764
4 248 338
4 431 806
6 754
5 248 189
4 431 426
6 338
6 806
4 431 206
8 764
4 861 37
2 37
4 37 311
3 206 371
9
5 311 452
6 206
5 426 482
6 189
8 371
6 764
9
4 371 981
5 861 632
3 981 430
1 524
7 452
2 981
8 482
6 452
8 431
3 371 41
2 430
1 74
7 482
9
4 41 824
1 471
1 860
1 625
2 625
8 431
8 430
3 41 925
5 482 951
2 824
4 471 184
2 860
1 167
2 860
4 74 958
7 184
9
1 753
1 471
1 750
2 524
1 230
1 183
9
9
5 824 27
8 471
3 925 830
2 860
9
9
8 430
7 951
5 750 710
6 471
5 958 191
3 191 486
1 679
9
8 74
1 51
8 74
8 471
5 167 987
9
3 37 345
1 710
8 431
6 710
2 230
2 679
9
3 753 812
5 925 66
3 230 410
9
1 803
8 51
8 987
1 54
2 431
9
4 679 306
8 632
4 803 105
2 803
4 812 683
1 413
3 431 491
7 306
3 371 126
4 679 658
9
2 683
2 981
5 54 607
4 524 160
6 951
6 410
2 191
8 491
1 737
2 987
7 803
3 371 986
2 981
8 658
7 491
1 846
5 632 384
6 486
6 846
5 51 882
2 345
7 430
5 710 488
4 413 365
5 160 764
7 812
8 625
5 753 448
3 812 345
5 27 615
4 306 463
1 810
7 625
6 987
9
2 384
7 683
7 981
3 981 770
5 37 101
1 359
6 184
4 448 438
5 770 402
7 471
4 463 903
1 958
3 764 888
2 402
2 658
4 359 997
4 126 924
9
8 764
7 230
7 359
5 448 153
1 433
3 66 585
7 153
1 663
1 1014
8 524
2 66
2 345
1 401
4 981 269
5 191 223
1 828
1 745
3 345 630
5 630 811
6 126
9
4 471 409
2 431
9
5 745 489
8 74
5 524 703
9
4 810 177
6 384
4 105 673
2 882
8 153
8 66
5 230 130
4 491 773
8 997
1 161
4 703 992
7 66
4 607 653
4 683 621
3 703 1006
4 585 612
5 615 712
2 438
2 223
4 997 773
9
3 345 441
8 365
6 306
9
5 1006 980
9
8 924
7 625
6 359
3 625 326
2 402
7 860
2 438
5 658 743
2 992
6 161
5 413 431
5 992 854
2 438
2 402
3 365 272
6 431
8 625
5 812 71
6 653
5 810 919
3 919 603
9
6 441
1 515
9
2 612
7 489
6 74
8 153
7 854
3 438 613
6 737
9
9
6 433
3 830 755
3 663 37
8 326
8 854
2 463
4 612 781
9
5 463 760
5 683 368
2 854
6 368
8 269
5 743 488
1 959
5 673 568
7 773
4 345 452
3 365 504
9
0